cap74 16 50

146 87 672 1337 31 559 2370 1089 33 32 5495 904 1466 143 615 564 226 3016 253 195 38 807 551 304 814 337 4368 577 482 495 231 322 685 12912 325 366 3671 2213 705 328 1681 1117 275 500 2241 733 222 49 1464 222 

58268 58268 58268 58268 58268 58268 58268 58268 58268 58268 58268 58268 58268 58268 58268 58268 

25000.000000 25000.000000 25000.000000 25000.000000 25000.000000 25000.000000 25000.000000 25000.000000 25000.000000 25000.000000 0.000000 25000.000000 25000.000000 25000.000000 25000.000000 25000.000000 

6739.725000 3204.862500 4914.000000 32372.112500 1715.462500 6421.512500 81972.375000 33391.462500 2020.837500 1459.600000 141015.437500 17684.500000 38207.625000 1953.737500 17181.562500 25640.850000 7031.425000 78453.700000 9452.712500 8597.062500 1581.275000 23170.987500 12087.562500 4883.000000 24063.875000 4124.037500 281463.000000 11056.762500 8585.625000 12480.187500 3727.762500 4673.025000 13451.687500 372672.600000 9745.937500 12055.125000 97602.712500 60774.512500 54470.062500 7146.300000 38011.612500 39723.312500 16111.562500 16981.250000 168663.262500 57109.862500 15576.075000 2542.487500 34056.300000 7095.675000 

10355.050000 5457.075000 26409.600000 29982.225000 2152.175000 23701.600000 28499.250000 26544.375000 2480.775000 1995.200000 205925.125000 32069.400000 42477.350000 5044.325000 36054.375000 35602.500000 10492.050000 92515.800000 12441.275000 14113.125000 2030.150000 48702.450000 19877.325000 12851.600000 39682.500000 12148.850000 406770.000000 22113.525000 22449.150000 25455.375000 11116.875000 13346.900000 35106.250000 229188.000000 18070.000000 18181.050000 73603.550000 63568.425000 65177.250000 8618.200000 70728.075000 52917.875000 20714.375000 32575.000000 210766.050000 66703.000000 18481.500000 3928.575000 34221.000000 11999.100000 

7650.400000 3845.400000 19622.400000 21024.325000 1577.900000 16197.025000 43134.000000 6370.650000 1869.450000 1402.400000 104130.250000 15322.800000 15319.700000 4089.800000 25399.500000 25154.400000 6305.400000 36644.400000 7754.450000 10500.750000 1326.200000 36072.900000 9670.050000 10822.400000 24603.150000 8180.675000 325852.800000 11424.600000 14122.600000 22151.250000 8229.375000 7880.950000 25927.250000 203364.000000 12049.375000 11400.900000 59561.975000 27330.550000 52117.125000 6428.800000 39587.550000 32225.450000 15620.000000 23312.500000 169251.525000 53124.175000 14368.950000 3020.850000 24448.800000 7886.550000 

5219.500000 2396.850000 13876.800000 29681.400000 1061.750000 10383.425000 65767.500000 16770.600000 1324.950000 869.600000 12638.500000 8429.800000 15832.800000 3428.425000 16297.500000 15763.800000 2542.500000 27445.600000 3542.000000 7254.000000 693.500000 26166.975000 3801.900000 8930.000000 11050.050000 5611.050000 253234.800000 5582.475000 7458.950000 19069.875000 5826.975000 4330.900000 17347.625000 322800.000000 7198.750000 5307.000000 83331.700000 30982.000000 40378.875000 7822.800000 15801.400000 13627.400000 11041.250000 16250.000000 131938.875000 40919.725000 10672.650000 2205.000000 31329.600000 4190.250000 

5776.125000 2628.487500 9147.600000 21275.012500 1250.462500 7483.612500 58805.625000 13571.662500 1525.837500 1050.800000 46089.312500 1231.700000 11526.425000 2289.787500 15828.562500 18421.650000 3918.275000 23562.500000 5082.137500 7875.562500 924.825000 23493.787500 2252.212500 6798.200000 13644.675000 2952.962500 264755.400000 2430.612500 6609.425000 15598.687500 4628.662500 2861.775000 15249.812500 261306.600000 7592.812500 7379.475000 65940.337500 20497.912500 44494.312500 5211.100000 16494.812500 20427.137500 12598.437500 16268.750000 144628.537500 45381.862500 12024.075000 2361.187500 21905.100000 4847.925000 

6641.175000 3220.087500 14977.200000 20071.712500 1363.612500 12332.937500 48555.375000 8861.737500 1646.287500 1181.200000 66146.062500 9073.900000 5185.975000 3530.312500 21148.312500 21255.750000 4743.175000 23034.700000 6005.587500 9152.812500 1063.525000 30494.512500 5847.487500 9435.400000 18976.375000 5851.162500 294457.800000 7436.087500 10790.775000 19892.812500 6632.587500 5655.125000 21192.187500 229995.000000 9802.812500 8870.925000 56946.387500 15076.062500 47243.812500 5621.100000 27925.612500 24504.187500 13719.062500 19856.250000 153760.612500 48057.312500 12834.375000 2682.137500 20807.100000 6351.975000 

4374.525000 1838.962500 21848.400000 64292.987500 1524.037500 15840.662500 138615.375000 51550.537500 1817.062500 1133.200000 198300.812500 32781.300000 62653.175000 5553.762500 7310.812500 18478.050000 6856.275000 126332.700000 10274.962500 5467.312500 1628.775000 14919.412500 19650.037500 11943.400000 20197.375000 11613.862500 211356.600000 19279.012500 11525.825000 23976.562500 6476.662500 9623.775000 16808.187500 681269.400000 5780.937500 10865.625000 185247.837500 97731.612500 47631.562500 15256.100000 49862.662500 41119.562500 12502.187500 9331.250000 134768.137500 52583.587500 14205.225000 1756.037500 69009.300000 4903.425000 

3847.100000 2266.350000 35330.400000 80186.575000 955.575000 27251.250000 155294.250000 57907.575000 1211.925000 546.400000 220212.125000 41335.400000 71210.950000 8308.300000 21709.500000 8135.700000 7119.000000 141375.000000 10214.875000 6371.625000 1619.750000 33813.300000 23844.525000 18148.800000 24684.550000 17111.175000 210756.000000 25460.125000 20448.850000 34080.750000 11884.950000 14610.750000 32845.750000 810550.800000 10692.500000 10202.250000 222003.725000 114578.075000 34351.125000 19762.000000 62659.275000 40854.275000 7885.625000 20750.000000 109304.775000 39050.575000 10134.300000 1983.275000 86632.200000 6421.350000 

6429.475000 3117.862500 15111.600000 25921.087500 1318.662500 12444.737500 53176.875000 10985.287500 1593.487500 1134.800000 58178.312500 9254.700000 11563.075000 3558.912500 20779.312500 20437.950000 4415.475000 11423.100000 5638.737500 8870.062500 1008.425000 30655.912500 6260.737500 9496.200000 17796.075000 5918.562500 289434.600000 7551.487500 10887.175000 19991.812500 6678.787500 5719.525000 21329.187500 258078.600000 9607.812500 8340.225000 73007.012500 24757.937500 46820.812500 7047.900000 26917.012500 22884.537500 13320.312500 19556.250000 150511.162500 46994.462500 12512.475000 2611.087500 27212.100000 6030.075000 

5396.525000 2582.812500 23679.600000 69206.462500 1789.087500 17769.212500 147325.125000 57376.687500 2099.212500 1406.800000 241573.937500 37595.100000 70496.275000 5947.012500 12569.062500 23300.250000 8788.575000 144881.100000 12438.112500 6729.937500 1953.675000 11166.862500 22873.387500 11616.600000 27157.075000 12852.337500 239639.400000 22351.537500 14092.475000 23444.437500 6101.287500 11338.425000 15695.062500 728398.200000 8559.687500 13994.925000 198738.762500 109515.837500 53659.312500 16305.700000 61965.862500 50669.912500 14853.437500 9543.750000 149278.612500 58814.087500 16103.325000 2073.312500 74352.900000 6801.525000 

5219.500000 2296.800000 9828.000000 23096.675000 1133.050000 7029.425000 56998.500000 12741.300000 1395.900000 928.800000 25277.000000 2463.400000 10371.950000 2434.575000 14621.625000 16271.400000 3062.300000 22846.200000 4123.900000 7312.500000 780.900000 22333.725000 0.000000 7106.000000 10541.300000 3268.900000 248102.400000 1601.175000 5916.550000 16099.875000 4440.975000 2398.900000 14693.250000 261790.800000 6353.750000 5984.100000 65986.225000 20525.575000 42775.875000 5658.000000 10086.000000 16196.500000 11550.000000 14550.000000 136084.725000 42605.625000 11183.250000 2174.375000 23899.800000 4001.550000 

4182.900000 1779.150000 19303.200000 48700.225000 1015.250000 13919.100000 102384.000000 33595.650000 1275.450000 768.800000 97536.250000 19775.000000 38482.500000 4897.750000 11931.000000 12619.500000 2712.000000 74042.800000 5635.575000 5869.500000 931.950000 20982.000000 10703.175000 10898.400000 5270.650000 9073.725000 222222.000000 11698.675000 8953.150000 22275.000000 6843.375000 6931.050000 19385.500000 512606.400000 4891.250000 4154.100000 137295.400000 63513.100000 39250.875000 11939.200000 22567.425000 20636.575000 10071.875000 13087.500000 124879.725000 40553.225000 10561.650000 1857.100000 51935.400000 2614.050000 

7391.250000 5115.600000 57472.800000 135170.700000 2005.700000 45474.650000 259515.000000 105796.350000 1940.400000 1950.400000 461992.125000 79235.600000 135275.150000 13134.550000 39913.500000 35094.900000 17458.500000 274079.000000 21789.625000 9506.250000 3066.600000 56025.975000 46945.200000 28226.400000 59259.200000 29479.075000 124051.200000 49650.850000 37089.900000 50490.000000 18722.550000 26701.850000 53121.750000 1361570.400000 21336.250000 26946.750000 378755.425000 209073.175000 40960.500000 32644.200000 133135.200000 91957.025000 13193.125000 32087.500000 89976.150000 45922.450000 14940.600000 2006.550000 147937.200000 14979.450000 

5038.825000 2189.137500 11180.400000 40527.812500 1379.887500 6966.537500 96429.375000 32220.787500 1663.612500 1145.200000 106122.187500 16712.700000 36631.675000 3283.637500 11169.937500 19253.550000 5031.325000 75211.500000 8073.862500 6695.812500 1298.175000 17380.762500 10145.287500 7117.400000 14845.325000 5623.687500 238875.000000 9022.837500 2958.275000 16118.437500 3693.112500 3900.225000 10951.437500 451435.800000 5951.562500 8459.175000 119995.812500 58395.537500 48318.937500 9417.700000 23134.762500 31401.662500 13052.187500 12481.250000 142499.587500 49175.137500 13172.925000 2064.737500 42986.700000 4503.825000 

10349.575000 5399.437500 22957.200000 60515.962500 2512.937500 20326.637500 131920.125000 60071.962500 2869.762500 2314.800000 288418.812500 41956.900000 77569.725000 4634.987500 32479.687500 39867.750000 13093.875000 159433.300000 16239.437500 13554.937500 2600.625000 40178.512500 26881.912500 7725.400000 44597.025000 13172.487500 392519.400000 26549.212500 20575.375000 8049.937500 8596.087500 13310.675000 27888.062500 644793.000000 17830.312500 21470.475000 174969.037500 114439.762500 73399.312500 13583.300000 81255.337500 69686.837500 23103.437500 27518.750000 224408.137500 75966.287500 21287.025000 3788.312500 64873.500000 12617.925000 

6051.700000 2838.375000 15489.600000 52911.775000 1823.575000 10956.400000 118381.500000 46527.525000 2135.925000 1500.800000 185456.250000 28589.000000 55891.250000 4204.200000 14375.625000 24957.000000 8294.200000 114834.200000 11726.550000 7707.375000 1846.800000 15978.600000 17728.425000 7911.600000 26495.700000 8745.150000 261534.000000 16963.800000 9917.150000 17411.625000 3285.975000 7961.450000 7346.625000 575875.200000 9514.375000 13697.550000 155375.075000 87468.825000 55712.625000 12308.200000 47404.200000 47528.350000 15654.375000 12525.000000 160511.625000 61003.925000 16755.450000 2318.925000 56510.400000 7448.100000 

