CFL instance i700_1
Cost 55692.4
Feasible 1
Customers assigned to each facility: 

Facility 2
53 

Facility 14
132 377 

Facility 16
29 316 

Facility 17
88 532 

Facility 19
593 625 

Facility 28
14 23 32 51 147 159 195 606 

Facility 29
93 237 282 348 352 

Facility 31
100 194 314 362 491 631 

Facility 32
40 144 158 270 400 575 604 609 615 

Facility 33
48 91 173 257 411 

Facility 41
45 

Facility 52
92 254 255 489 501 663 

Facility 56
310 450 504 510 

Facility 64
382 

Facility 66
111 196 307 

Facility 74
59 271 391 406 466 492 583 645 

Facility 76
166 185 187 342 347 371 383 

Facility 82
449 648 664 

Facility 84
119 137 420 

Facility 85
372 497 

Facility 95
6 

Facility 102
37 126 302 650 652 654 

Facility 109
125 224 498 595 695 699 

Facility 112
90 292 373 

Facility 113
388 471 

Facility 115
98 555 

Facility 116
84 123 387 676 

Facility 126
171 215 469 644 

Facility 127
269 357 600 678 

Facility 132
113 209 479 

Facility 150
148 

Facility 152
142 261 328 398 487 564 

Facility 165
56 162 578 688 

Facility 175
109 124 

Facility 177
359 443 

Facility 180
75 

Facility 181
12 673 

Facility 185
26 642 

Facility 186
217 386 463 559 655 690 697 

Facility 192
114 120 184 200 207 294 354 433 671 687 

Facility 193
230 432 588 

Facility 196
303 341 566 662 

Facility 197
122 568 

Facility 200
458 607 

Facility 201
42 389 423 426 477 589 694 

Facility 202
135 186 216 275 419 444 542 

Facility 207
25 50 52 140 399 408 

Facility 208
661 672 

Facility 209
77 94 455 462 

Facility 224
396 416 594 

Facility 225
160 304 592 

Facility 236
106 452 

Facility 243
280 513 

Facility 245
68 169 178 192 206 245 343 355 517 617 

Facility 249
87 156 

Facility 250
180 

Facility 251
103 643 

Facility 252
376 436 

Facility 253
73 95 478 577 599 624 

Facility 254
465 548 

Facility 255
172 183 229 288 665 

Facility 257
4 17 136 203 218 259 346 356 440 460 514 

Facility 259
679 

Facility 264
298 453 

Facility 266
152 

Facility 267
226 

Facility 271
503 540 605 626 646 

Facility 272
67 285 

Facility 281
61 129 278 333 353 442 629 635 683 

Facility 289
62 

Facility 292
293 525 

Facility 297
5 28 239 322 395 

Facility 302
38 689 

Facility 304
297 422 461 590 

Facility 306
153 248 305 524 596 602 

Facility 310
21 208 516 

Facility 312
296 435 

Facility 313
63 262 567 

Facility 315
15 211 318 337 428 523 675 

Facility 317
677 

Facility 319
102 241 579 

Facility 321
43 401 425 481 614 698 

Facility 325
24 44 118 300 336 521 

Facility 330
658 

Facility 334
41 121 394 434 472 499 651 

Facility 335
174 502 

Facility 340
309 527 

Facility 341
82 402 

Facility 342
16 18 79 112 181 273 323 363 370 494 573 

Facility 345
74 182 311 519 561 

Facility 349
281 

Facility 356
483 549 

Facility 357
633 

Facility 358
277 

Facility 363
188 381 529 611 693 

Facility 364
484 572 656 

Facility 370
151 170 251 

Facility 373
7 55 86 99 141 167 315 330 351 431 445 474 476 585 619 657 

Facility 374
154 246 258 338 390 

Facility 376
189 283 456 480 586 598 667 

Facility 377
360 379 554 

Facility 379
324 

Facility 381
225 636 639 

Facility 387
368 407 

Facility 391
49 415 

Facility 397
1 97 378 526 

Facility 400
115 130 223 284 289 317 515 

Facility 404
20 46 155 179 249 276 361 392 429 500 581 610 

Facility 405
168 556 

Facility 407
541 

Facility 412
36 319 509 537 550 571 574 

Facility 414
488 538 

Facility 415
70 

Facility 425
85 630 

Facility 426
104 190 326 

Facility 431
13 204 520 

Facility 434
65 117 213 267 339 364 427 446 

Facility 438
202 

Facility 439
54 441 

Facility 444
486 

Facility 445
30 116 253 536 563 

Facility 446
533 

Facility 447
691 

Facility 450
83 485 640 669 

Facility 456
235 551 

Facility 458
0 72 220 231 265 329 414 493 

Facility 461
3 27 232 321 546 653 

Facility 468
349 495 

Facility 469
199 247 334 335 412 591 603 692 

Facility 471
22 250 374 421 587 612 

Facility 472
214 507 685 

Facility 475
176 438 530 

Facility 484
81 236 539 558 

Facility 485
404 

Facility 491
76 

Facility 505
227 313 

Facility 509
680 

Facility 515
9 133 490 

Facility 516
110 146 482 

Facility 517
71 268 291 358 518 

Facility 526
145 405 597 

Facility 527
19 127 397 506 608 649 

Facility 538
222 266 325 345 522 

Facility 539
10 312 557 

Facility 542
562 

Facility 546
164 219 331 454 508 622 

Facility 552
89 177 263 320 

Facility 560
80 201 272 286 473 618 

Facility 563
163 

Facility 568
8 57 134 165 205 544 660 

Facility 571
39 287 553 

Facility 580
240 638 

Facility 581
149 628 

Facility 583
2 143 150 243 367 393 417 430 451 528 552 

Facility 584
128 175 242 260 380 448 584 668 

Facility 585
139 332 616 686 

Facility 587
308 340 512 

Facility 591
327 623 637 

Facility 594
511 647 666 

Facility 597
64 279 569 

Facility 601
108 

Facility 603
47 78 344 375 531 582 681 

Facility 606
33 641 

Facility 610
191 274 576 

Facility 613
403 

Facility 618
11 101 197 384 424 447 

Facility 621
437 439 543 

Facility 622
198 

Facility 625
350 385 418 534 570 

Facility 630
34 228 475 535 

Facility 631
696 

Facility 632
31 60 210 221 659 

Facility 635
105 

Facility 638
35 69 244 252 301 545 

Facility 639
468 580 

Facility 641
264 366 674 

Facility 645
107 290 306 365 470 496 621 

Facility 647
58 295 413 632 682 

Facility 649
409 

Facility 652
234 467 

Facility 653
131 565 634 

Facility 665
601 620 627 

Facility 673
66 238 457 

Facility 683
138 613 

Facility 684
193 547 

Facility 685
157 369 464 560 670 

Facility 689
256 505 684 

Facility 693
161 

Facility 697
96 212 233 299 410 459 

