CFL instance 80-400-1
Cost 4.60535e+06
Feasible 1
Customers assigned to each facility: 

Facility 1
0 

Facility 4
29 194 232 342 

Facility 6
42 44 54 146 305 343 

Facility 11
83 143 154 182 

Facility 12
10 55 66 73 79 101 158 175 295 383 

Facility 14
11 45 88 100 134 137 164 235 267 348 

Facility 15
39 90 98 118 219 245 291 378 

Facility 17
8 180 270 370 

Facility 20
60 68 78 104 119 171 252 272 

Facility 21
53 103 128 151 304 331 335 355 360 371 372 382 

Facility 23
21 153 161 163 294 390 

Facility 24
2 9 36 61 62 72 99 109 114 123 132 166 189 196 198 248 250 268 275 282 285 286 297 308 322 324 336 366 367 375 393 

Facility 26
13 102 326 334 346 

Facility 30
6 47 84 96 121 172 197 212 256 394 

Facility 33
24 38 82 112 181 192 205 210 261 262 368 

Facility 39
35 63 107 160 265 276 328 

Facility 41
17 32 77 97 127 183 199 209 216 242 249 292 319 362 377 

Facility 42
26 40 74 81 113 125 176 177 221 254 283 287 315 332 391 

Facility 46
56 92 311 341 

Facility 47
1 25 50 67 76 105 122 152 168 170 173 184 195 204 214 243 253 260 301 302 309 333 354 358 392 

Facility 50
37 115 202 224 230 244 314 318 345 395 

Facility 51
20 31 48 155 179 220 229 251 255 288 290 396 

Facility 53
64 91 94 117 203 226 237 247 257 284 300 317 349 384 387 388 

Facility 54
208 228 258 310 

Facility 56
23 69 186 298 389 

Facility 57
16 30 43 75 130 157 159 165 213 218 225 236 259 278 303 320 323 338 379 

Facility 59
12 223 280 329 330 373 

Facility 62
124 148 178 

Facility 63
5 15 18 46 51 70 106 131 150 162 169 206 274 347 359 364 

Facility 64
22 41 59 80 126 136 188 190 211 231 327 352 357 365 

Facility 65
3 57 87 108 187 201 215 227 240 293 325 385 

Facility 67
33 34 71 85 110 111 120 135 147 174 239 241 273 306 307 340 353 381 

Facility 68
4 7 58 65 89 138 193 217 279 312 316 344 361 363 369 374 380 

Facility 75
19 27 142 185 238 271 296 299 313 

Facility 76
28 52 93 95 133 144 149 234 246 263 266 277 281 337 339 386 397 399 

Facility 77
14 49 86 116 140 141 145 156 207 222 233 264 269 321 350 351 376 398 

Facility 79
129 139 167 191 200 289 356 

